100
0 25 15
1 11 1
2 25 15
3 12 2
4 11 1
5 29 19
6 16 6
7 25 15
8 25 15
9 11 1
10 27 17
11 22 12
12 22 12
13 23 13
14 25 15
15 29 19
16 30 20
17 16 6
18 23 13
19 12 2
20 21 11
21 16 6
22 16 6
23 12 2
24 29 19
25 28 18
26 21 11
27 15 5
28 26 16
29 24 14
30 18 8
31 25 15
32 30 20
33 27 17
34 17 7
35 19 9
36 26 16
37 24 14
38 19 9
39 23 13
40 30 20
41 27 17
42 13 3
43 16 6
44 29 19
45 13 3
46 16 6
47 25 15
48 22 12
49 22 12
50 13 3
51 24 14
52 23 13
53 21 11
54 25 15
55 29 19
56 11 1
57 23 13
58 28 18
59 30 20
60 11 1
61 30 20
62 17 7
63 25 15
64 25 15
65 21 11
66 30 20
67 20 10
68 21 11
69 17 7
70 26 16
71 30 20
72 25 15
73 22 12
74 18 8
75 16 6
76 13 3
77 24 14
78 12 2
79 17 7
80 16 6
81 25 15
82 11 1
83 27 17
84 23 13
85 15 5
86 19 9
87 28 18
88 16 6
89 12 2
90 20 10
91 20 10
92 19 9
93 26 16
94 23 13
95 30 20
96 20 10
97 18 8
98 21 11
99 23 13
21
